GPU: NVIDIA GB10  SMs=48  bf16=252 TFLOP/s (empirical)  mem=216 GB/s (measured)

=== cuda::gemm_bf16 (config-selected) ===
      M      N      K   us(min)   us(med)   TFLOP/s      GB/s    AI  bound
      5   6288   7168     435.4     440.6     1.023     220.9   4.6  mem
      5   3584   7168     203.2     207.1     1.240     267.6   4.6  mem
      5    896   7168      72.2      73.9     0.869     228.3   3.8  mem
      5   2112   7168      92.4      94.2     1.606     346.6   4.6  mem
      5   1536   7168      84.2      84.5     1.303     281.1   4.6  mem
      5   7168   1536      43.4      44.4     2.477     535.7   4.6  mem
      5   7168    768      22.4      22.9     2.399     520.5   4.6  mem
      5   7168   3584     200.1     202.0     1.272     274.6   4.6  mem
      5   2304   1536      19.6      20.9     1.696     366.8   4.6  mem
      5   3072    512       8.3       8.6     1.827     397.6   4.6  mem
      5   1536    128       4.3       4.5     0.433      96.7   4.5  mem
      8   6288   7168     437.3     440.9     1.636     230.5   7.1  mem
      8   3584   7168     202.9     204.2     2.013     283.4   7.1  mem
      8    896   7168      71.8      72.2     1.423     267.1   5.3  mem
      8   2112   7168      99.8     101.8     2.379     334.9   7.1  mem
      8   1536   7168      82.1      83.1     2.119     298.3   7.1  mem
      8   7168   1536      42.1      42.4     4.158     587.4   7.1  mem
      8   7168    768      23.6      24.5     3.589     509.3   7.0  mem
      8   7168   3584     190.8     192.8     2.132     300.4   7.1  mem
      8   2304   1536      19.4      20.8     2.722     384.6   7.1  mem
      8   3072    512       8.4       8.6     2.913     415.3   7.0  mem
      8   1536    128       4.3       4.6     0.687     102.0   6.7  mem
     16   6288   7168     441.6     444.8     3.243     254.2  12.8  mem
     16   3584   7168     207.0     210.4     3.907     305.8  12.8  mem
     16    896   7168      72.0      73.1     2.812     351.9   8.0  mem
     16   2112   7168     103.7     105.9     4.575     358.1  12.8  mem
     16   1536   7168      82.3      84.2     4.183     327.4  12.8  mem
     16   7168   1536      42.4      43.5     8.096     637.7  12.7  mem
     16   7168    768      22.7      22.9     7.678     609.8  12.6  mem
     16   7168   3584     191.4     193.8     4.243     332.7  12.8  mem
     16   2304   1536      19.8      20.9     5.428     427.6  12.7  mem
     16   3072    512       8.4       8.6     5.825     466.5  12.5  mem
     16   1536    128       4.2       4.6     1.356     116.5  11.6  mem
     32   6288   7168     487.6     491.8     5.866     459.8  12.8  mem
     32   3584   7168     215.1     217.1     7.575     592.8  12.8  mem
     32    896   7168      72.0      74.2     5.537     692.9   8.0  mem
     32   2112   7168     126.3     128.2     7.558     591.5  12.8  mem
     32   1536   7168      82.2      84.2     8.373     655.3  12.8  mem
     32   7168   1536      66.6      67.0    10.521     828.8  12.7  mem
     32   7168    768      35.0      36.0     9.795     778.0  12.6  mem
     32   7168   3584     210.3     230.6     7.129     559.0  12.8  mem
     32   2304   1536      28.9      29.2     7.769     612.0  12.7  mem
     32   3072    512      11.5      12.5     8.045     644.3  12.5  mem
     32   1536    128       4.3       4.5     2.769     238.0  11.6  mem
     64   6288   7168     541.0     546.9    10.549     826.9  12.8  mem
     64   3584   7168     296.4     298.3    11.022     862.7  12.8  mem
     64    896   7168      88.3      90.3     9.104    1139.2   8.0  mem
     64   2112   7168     181.9     183.8    10.544     825.2  12.8  mem
     64   1536   7168     124.4     125.3    11.243     880.0  12.8  mem
     64   7168   1536     126.1     127.2    11.077     872.6  12.7  mem
     64   7168    768      65.7      66.6    10.576     840.1  12.6  mem
     64   7168   3584     289.1     291.2    11.294     885.5  12.8  mem
     64   2304   1536      41.2      41.4    10.931     861.1  12.7  mem
     64   3072    512      19.8      20.9     9.620     770.3  12.5  mem
     64   1536    128       4.9       6.6     3.836     329.7  11.6  mem
   8192   6288   7168   53506.2   53587.8    13.780     434.2  31.7  mem
   8192   3584   7168   30182.4   30239.0    13.919     436.9  31.9  mem
   8192    896   7168    7497.1    7749.3    13.579     426.2  31.9  mem
   8192   2112   7168   17895.2   17984.6    13.792     432.9  31.9  mem
   8192   1536   7168   12869.4   12918.8    13.963     438.3  31.9  mem
   8192   7168   1536    8879.3    8954.1    20.146     642.7  31.3  mem
   8192   7168    768    4453.4    4455.8    20.242     658.9  30.7  mem
   8192   7168   3584   30619.7   30649.6    13.733     433.0  31.7  mem
   8192   2304   1536    2831.7    2834.8    20.454     652.5  31.3  mem
   8192   3072    512    1310.0    1312.1    19.640     652.1  30.1  mem
   8192   1536    128     207.3     210.3    15.317     598.3  25.6  mem
  Roof: 252 TFLOP/s bf16 (empirical), 216 GB/s (measured), ridge ~1167 FLOP/B

=== tile autotuner (M=5, base): us(med) per tile ===
       N      K    16x16    16x64   16x128    32x64   32x128    64x64   64x128  best
    6288   7168     672.0     665.9    1035.0     646.3     883.2     942.3    1265.1  32x64
    3584   7168     600.4     548.1     926.9     455.2     641.5     577.0     614.6  32x64
     896   7168     303.4     256.4     469.3     228.4     406.8     291.2     506.0  32x64
    2112   7168     553.3     465.2     831.7     358.6     591.0     381.3     574.8  32x64
    1536   7168     375.1     330.1     591.1     269.7     467.4     315.9     523.6  32x64
    7168   1536     102.8     100.4     147.9     113.0     152.9     180.7     237.9  16x64
    7168    768      45.4      43.5      66.0      53.7      72.1      88.4     115.0  16x64
    7168   3584     356.6     311.6     502.9     301.2     429.3     448.1     612.9  32x64
    2304   1536      70.0      57.8     102.8      51.6      90.4      65.9     111.0  32x64
    3072    512      27.2      21.0      36.3      18.8      31.2      24.6      39.4  32x64
    1536    128       8.7       8.6      10.8       6.7      10.8       8.7      12.7  32x64

=== tile autotuner (M=8, base): us(med) per tile ===
       N      K    16x16    16x64   16x128    32x64   32x128    64x64   64x128  best
    6288   7168     717.1     669.1    1042.0     645.4     887.7     956.8    1277.0  32x64
    3584   7168     643.1     549.0     935.0     455.8     645.4     582.9     650.3  32x64
     896   7168     389.7     317.8     562.4     274.8     459.7     325.8     533.1  32x64
    2112   7168     531.6     450.9     805.2     349.3     575.9     374.3     570.8  32x64
    1536   7168     445.1     370.9     651.5     303.6     498.2     341.4     548.1  32x64
    7168   1536     112.0     106.9     159.9     115.1     158.9     184.8     242.0  16x64
    7168    768      41.3      39.4      59.8      51.6      69.9      86.2     111.0  16x64
    7168   3584     368.8     311.6     504.0     300.4     429.2     449.8     619.0  32x64
    2304   1536      72.2      57.8     104.5      51.6      90.1      65.6     111.5  32x64
    3072    512      27.1      22.1      37.2      18.9      31.2      25.1      39.4  32x64
    1536    128       8.7       8.4      10.8       6.7      10.8       8.7      12.6  32x64

=== tile autotuner (M=16, base): us(med) per tile ===
       N      K    16x16    16x64   16x128    32x64   32x128    64x64   64x128  best
    6288   7168     881.1     687.2    1069.5     652.5     914.8     958.8    1295.8  32x64
    3584   7168     807.4     562.2    1014.1     460.1     690.6     593.1     691.6  32x64
     896   7168     373.3     269.3     496.8     228.5     416.7     291.8     505.8  32x64
    2112   7168     688.0     495.7     874.8     357.0     613.7     401.0     592.4  32x64
    1536   7168     470.4     371.3     672.1     288.1     508.2     330.0     542.0  32x64
    7168   1536     123.1     114.8     162.2     115.1     159.2     182.7     243.0  16x64
    7168    768      49.2      41.2      63.9      51.6      70.0      86.4     112.7  16x64
    7168   3584     454.1     323.9     518.5     303.7     439.5     452.0     627.2  32x64
    2304   1536      84.5      59.8     109.6      51.5      92.5      65.9     113.6  32x64
    3072    512      31.2      22.7      39.3      20.7      33.2      24.9      39.3  32x64
    1536    128      10.7       8.6      12.8       6.7      10.7       8.6      12.5  32x64

=== tile autotuner (M=32, base): us(med) per tile ===
       N      K    16x16    16x64   16x128    32x64   32x128    64x64   64x128  best
    6288   7168    1583.4     739.7    1134.8     672.9     978.3     967.1    1359.3  32x64
    3584   7168     770.4     580.9     993.6     477.4     751.8     593.1     705.9  32x64
     896   7168     383.2     269.4     500.0     242.8     446.8     296.1     523.4  32x64
    2112   7168     718.8     505.1     881.6     404.5     703.6     404.2     633.2  64x64
    1536   7168     476.1     350.6     632.4     326.0     547.3     342.8     564.8  32x64
    7168   1536     233.9     125.3     177.6     118.1     164.0     182.7     247.1  32x64
    7168    768     100.8      57.6      78.2      55.5      76.2      88.6     119.0  32x64
    7168   3584     671.5     354.4     547.2     313.0     461.1     452.9     633.8  32x64
    2304   1536      86.5      70.1     109.0      53.8      98.6      65.8     115.5  32x64
    3072    512      34.0      27.9      39.5      21.0      35.2      25.0      41.2  32x64
    1536    128      10.7       8.6      12.7       8.6      10.7       8.7      12.7  32x64

=== tile autotuner (M=64, base): us(med) per tile ===
       N      K    16x16    16x64   16x128    32x64   32x128    64x64   64x128  best
    6288   7168    2238.8    1233.2    2087.1     995.3    1570.4    1005.7    1592.6  32x64
    3584   7168    1454.7     670.0    1046.9     571.8     870.8     623.9     816.5  32x64
     896   7168     401.8     315.6     529.7     256.4     467.5     315.7     554.4  32x64
    2112   7168     722.3     546.1     935.4     447.4     696.0     453.9     699.8  32x64
    1536   7168     554.3     422.3     692.5     318.6     551.1     393.6     618.8  32x64
    7168   1536     356.8     229.6     319.8     185.7     256.3     188.9     259.1  32x64
    7168    768     145.5      98.8     127.2      82.4     109.5      88.4     119.2  32x64
    7168   3584    1018.2     622.9    1003.8     467.3     747.6     477.5     755.9  32x64
    2304   1536      95.5      80.3     123.2      76.1      99.6      68.0     121.1  64x64
    3072    512      37.1      33.0      43.4      29.0      35.1      25.0      43.4  64x64
    1536    128      11.5       9.7      12.7       8.6      10.8       8.7      14.4  32x64

=== tile autotuner (M=5, cp.async): us(med) per tile ===
       N      K    16x16    16x64   16x128    32x64   32x128    64x64   64x128  best
    6288   7168     597.1     433.8     436.1     453.0     636.1     665.0     858.4  16x64
    3584   7168     287.9     201.2     198.9     241.1     239.0     430.4     429.5  16x128
     896   7168      74.1      84.2     131.5     125.1     230.7     222.6     427.4  16x16
    2112   7168     123.4     101.0     138.5     129.7     234.9     223.5     430.3  16x64
    1536   7168      74.1      85.2     133.3     125.2     230.9     222.4     427.4  16x16
    7168   1536      46.4      44.4      55.7      75.9     102.8     141.1     188.7  16x64
    7168    768      20.8      23.0      29.0      39.4      52.7      73.5      95.5  16x16
    7168   3584     300.4     198.2     199.9     207.2     280.9     325.0     432.5  16x64
    2304   1536      18.8      20.8      31.1      29.1      52.7      49.5      95.7  16x16
    3072    512       9.5       8.8      12.7      12.6      19.7      18.8      34.3  16x64
    1536    128       4.5       4.5       6.2       4.6       7.7       6.6      11.7  16x64

=== tile autotuner (M=8, cp.async): us(med) per tile ===
       N      K    16x16    16x64   16x128    32x64   32x128    64x64   64x128  best
    6288   7168     607.6     438.8     436.7     458.0     640.4     664.8     857.7  16x128
    3584   7168     288.0     203.7     202.4     243.1     240.6     430.4     429.6  16x128
     896   7168      74.0      82.4     131.4     125.0     230.7     222.6     427.2  16x16
    2112   7168     127.4     103.7     136.4     128.3     234.8     223.7     429.5  16x64
    1536   7168      74.2      84.3     131.4     125.2     230.9     221.6     427.4  16x16
    7168   1536      44.3      44.3      54.7      76.0     102.6     141.4     187.8  16x64
    7168    768      22.5      22.9      29.0      39.3      52.7      72.0      96.6  16x16
    7168   3584     303.6     199.0     200.1     207.2     282.0     323.8     432.4  16x64
    2304   1536      18.8      20.9      31.1      29.1      52.7      49.6      95.6  16x16
    3072    512       9.6       8.7      12.7      12.6      19.9      18.8      34.0  16x64
    1536    128       4.5       4.5       4.8       4.6       7.7       6.6      11.7  16x64

=== tile autotuner (M=16, cp.async): us(med) per tile ===
       N      K    16x16    16x64   16x128    32x64   32x128    64x64   64x128  best
    6288   7168     627.6     446.8     442.8     467.2     645.4     671.8     860.4  16x128
    3584   7168     300.4     205.3     203.0     244.0     241.2     431.2     430.4  16x128
     896   7168      74.2      83.1     131.6     125.3     230.8     223.4     427.5  16x16
    2112   7168     115.0      96.7     136.5     128.3     234.9     223.5     429.4  16x64
    1536   7168      75.1      84.3     133.6     127.0     230.8     222.6     427.4  16x16
    7168   1536      50.8      44.4      56.7      77.1     103.9     140.7     187.8  16x64
    7168    768      21.6      23.0      29.1      39.9      52.7      72.0      95.5  16x16
    7168   3584     311.2     202.1     205.9     214.4     284.2     324.1     432.4  16x64
    2304   1536      18.8      20.9      31.1      29.2      53.4      52.3      95.5  16x16
    3072    512      10.3       8.6      12.6      12.7      19.8      18.8      34.2  16x64
    1536    128       4.6       4.5       6.5       5.6       7.7       6.6      11.7  16x64

=== tile autotuner (M=32, cp.async): us(med) per tile ===
       N      K    16x16    16x64   16x128    32x64   32x128    64x64   64x128  best
    6288   7168     653.9     509.3     550.2     472.1     650.5     676.2     862.4  32x64
    3584   7168     329.1     220.6     255.1     251.3     245.2     431.3     429.5  16x64
     896   7168      74.0      83.2     132.4     125.3     230.8     221.6     427.2  16x16
    2112   7168     122.2     127.4     135.5     128.1     235.0     225.2     429.5  16x16
    1536   7168      82.6      84.4     133.4     126.3     230.8     223.3     427.4  16x16
    7168   1536      65.8      67.9      81.3      78.0     102.8     141.7     186.8  16x16
    7168    768      36.9      36.0      42.0      39.3      53.3      72.0      95.5  16x64
    7168   3584     336.2     241.0     242.8     222.6     291.3     326.9     432.7  32x64
    2304   1536      23.8      29.2      31.1      29.0      52.7      49.6      95.6  16x16
    3072    512      12.8      13.0      12.7      12.7      19.9      18.8      34.1  16x128
    1536    128       6.7       5.6       6.6       6.6       7.7       6.6      11.6  16x64

=== tile autotuner (M=64, cp.async): us(med) per tile ===
       N      K    16x16    16x64   16x128    32x64   32x128    64x64   64x128  best
    6288   7168     677.2     547.2     600.4     576.8     702.8     674.1     869.7  16x64
    3584   7168     348.8     300.2     358.8     339.3     460.3     431.6     430.3  16x64
     896   7168      90.4     125.4     132.3     126.6     230.7     223.1     427.1  16x16
    2112   7168     203.7     184.7     243.0     230.7     235.0     223.5     429.5  16x64
    1536   7168     116.0     125.4     133.5     125.4     230.8     222.5     427.4  16x16
    7168   1536     115.1     128.1     130.5     123.1     153.1     141.4     187.1  16x16
    7168    768      61.8      65.9      67.9      62.8      79.3      73.0      95.7  16x16
    7168   3584     325.4     293.2     297.3     280.0     349.6     324.9     432.7  32x64
    2304   1536      46.3      44.2      55.7      51.5      52.5      51.3      95.6  16x64
    3072    512      21.7      22.7      21.7      20.6      19.9      18.8      34.3  64x64
    1536    128       8.3       6.6       6.6       6.6       7.7       6.6      11.7  32x64

=== tile autotuner (M=8192, warmup, base): us(med) per tile ===
       N      K     16x16     16x64    16x128     32x64    32x128     64x64    64x128  best
    6288   7168  254539.7  136543.0  214114.1   82363.2  127717.2   95181.9  102473.8  32x64
    3584   7168  145312.9   76608.8  116271.8   45210.5   67340.4   53865.6   56586.0  32x64
     896   7168   36396.0   19130.0   29185.6   11475.2   16831.4   13414.0   14178.3  32x64
    2112   7168   85766.0   44711.0   69966.8   26787.8   40934.8   31617.7   34744.7  32x64
    1536   7168   62438.7   32269.7   49070.8   19588.8   28201.2   22897.7   24097.9  32x64
    7168   1536   42061.6   22552.4   30916.4   17878.1   22406.1   17395.0   20706.4  64x64
    7168    768   17056.9   10880.3   14236.8    8673.7   10226.9    8266.0    9380.2  64x64
    7168   3584  146322.2   75097.0   74549.7   43178.8   53642.0   45972.5   55642.3  32x64
    2304   1536   12218.6    7360.8   10059.9    5789.3    7262.5    5618.8    6687.4  64x64
    3072    512    4943.2    3156.3    4047.2    2501.0    2894.1    2387.3    2640.5  64x64
    1536    128     622.7     410.7     513.8     342.2     389.5     322.0     363.9  64x64

=== tile autotuner (M=8192, warmup, cp.async): us(med) per tile ===
       N      K     16x16     16x64    16x128     32x64    32x128     64x64    64x128  best
    6288   7168  210613.9   60406.0   62084.6   57505.1   61817.7   56176.8   57992.0  64x64
    3584   7168  119975.1   34195.8   34749.8   32555.8   34699.7   31842.6   32404.8  64x64
     896   7168   29946.1    8594.7    8725.9    8181.8    8796.4    8073.7    8210.9  64x64
    2112   7168   70823.8   20141.3   21187.8   19178.7   21076.1   18700.3   19913.9  64x64
    1536   7168   51323.0   14655.6   14890.1   13949.2   14811.7   13627.7   13830.5  64x64
    7168   1536   32235.5   14768.4   15041.2   14022.9   15011.3   13645.9   14002.6  64x64
    7168    768    7485.8    7466.2    7607.6    7077.2    7611.8    6890.3    7104.3  64x64
    7168   3584  120309.6   34244.6   34833.8   32595.9   34672.1   31726.5   32494.9  64x64
    2304   1536   11243.8    4752.8    4836.8    4509.2    4826.7    4387.0    4491.1  64x64
    3072    512    2155.0    2155.9    2206.3    2029.8    2207.0    1988.0    2057.7  64x64
    1536    128     337.4     292.4     300.5     273.8     318.7     267.7     300.4  64x64

=== reuse sweep (M=5): us(med) per (BM,BN,RM) ===
       N      K    16x64/RM4    32x64/RM2    32x64/RM4    64x64/RM2  best
    6288   7168        600.4        611.8        862.3        996.7  16x64/RM4
    3584   7168        285.0        341.4        575.8        665.9  16x64/RM4
     896   7168        172.4        183.7        286.2        331.2  16x64/RM4
    2112   7168        173.3        183.7        288.1        331.2  16x64/RM4
    1536   7168        172.1        180.6        286.1        331.1  16x64/RM4
    7168   1536         99.6        110.0        188.6        216.4  16x64/RM4
    7168    768         51.6         57.7         97.8        112.4  16x64/RM4
    7168   3584        310.4        271.7        433.6        503.2  32x64/RM2
    2304   1536         40.4         41.3         65.0         75.2  16x64/RM4
    3072    512         16.5         16.7         24.1         28.2  16x64/RM4
    1536    128          6.6          6.6          9.7          9.5  32x64/RM2

=== reuse sweep (M=16): us(med) per (BM,BN,RM) ===
       N      K    16x64/RM4    32x64/RM2    32x64/RM4    64x64/RM2  best
    6288   7168        586.3        593.2        863.6        996.9  16x64/RM4
    3584   7168        283.0        340.2        571.7        664.9  16x64/RM4
     896   7168        174.6        182.7        288.2        333.2  16x64/RM4
    2112   7168        174.4        184.5        287.1        332.2  16x64/RM4
    1536   7168        174.4        182.6        287.9        331.1  16x64/RM4
    7168   1536         99.7        111.0        189.9        218.5  16x64/RM4
    7168    768         53.2         57.7         97.6        112.0  16x64/RM4
    7168   3584        264.0        262.4        435.6        502.5  32x64/RM2
    2304   1536         41.2         41.3         64.9         75.0  16x64/RM4
    3072    512         16.5         16.7         25.8         28.1  16x64/RM4
    1536    128          6.6          6.6          9.7         10.8  16x64/RM4

=== reuse sweep (M=64): us(med) per (BM,BN,RM) ===
       N      K    16x64/RM4    32x64/RM2    32x64/RM4    64x64/RM2  best
    6288   7168        598.1        603.5        870.7       1003.8  16x64/RM4
    3584   7168        290.0        343.5        581.1        671.0  16x64/RM4
     896   7168        178.1        185.5        292.0        333.0  16x64/RM4
    2112   7168        176.5        184.6        293.3        338.3  16x64/RM4
    1536   7168        176.5        185.3        290.0        333.2  16x64/RM4
    7168   1536        100.6        112.0        190.0        220.5  16x64/RM4
    7168    768         52.5         58.5        100.3        111.9  16x64/RM4
    7168   3584        305.5        266.0        440.5        508.0  32x64/RM2
    2304   1536         41.4         43.3         67.0         76.0  16x64/RM4
    3072    512         16.9         16.8         26.0         28.1  32x64/RM2
    1536    128          6.6          6.6          9.5          9.7  16x64/RM4

=== reuse sweep (M=8192): us(med) per (BM,BN,RM) ===
       N      K    16x64/RM4    32x64/RM2    32x64/RM4    64x64/RM2  best
    6288   7168      54440.8      55084.7      54643.7      54723.8  16x64/RM4
    3584   7168      30574.8      30828.2      30571.3      30588.5  32x64/RM4
     896   7168       7706.2       7748.0       7583.5       7622.7  32x64/RM4
    2112   7168      17956.0      18085.0      17784.9      17782.6  64x64/RM2
    1536   7168      13235.9      13203.4      13309.2      13314.5  32x64/RM2
    7168   1536       8958.1      10502.1       9490.8      10884.4  16x64/RM4
    7168    768       4535.4       5336.5       4856.1       5525.7  16x64/RM4
    7168   3584      30813.5      30713.1      30716.1      30626.3  64x64/RM2
    2304   1536       2890.0       3382.4       3054.8       3498.9  16x64/RM4
    3072    512       1335.8       1549.6       1431.4       1608.0  16x64/RM4
    1536    128        212.2        218.5        224.7        239.0  16x64/RM4
